34 4
8 0.16115503 -0.85217863 -1.099929 -0.5321815
3 -0.5330063 -0.25014764 -0.9825687 -0.82659364
4 -0.09427761 -0.9312055 -0.8292176 -0.6751654
13 -2.5723498 -0.5637317 -0.52850693 -4.044134
1 -0.121251784 -0.69100815 -0.86158645 -0.25074142
18 0.2773119 -1.1645297 -0.8287415 -0.25770614
9 -1.609581 -1.055071 -1.2958902 -0.43270275
28 -1.8295054 -0.536613 -0.2966043 -0.43570822
25 -1.8812417 -0.36207464 -0.42609182 -0.029455146
32 -1.4623835 -0.8462192 -0.24468952 0.9353119
33 -0.23707522 0.35856682 -1.7200208 1.1372743
31 -1.3201667 -0.9494431 -0.13586718 0.9767193
19 0.7168786 -2.0289574 -2.2847867 3.779552
6 0.53878814 -0.21056892 -1.8790749 0.8299278
2 0.5166054 -0.80753803 -1.5115788 -0.10543505
7 -0.06680855 -0.10353291 -0.008935928 -0.024046913
14 -0.09098165 0.10211934 0.09265457 0.07894133
22 -0.10422622 0.11390467 0.06387971 -0.060988456
20 0.11216459 -0.027361482 0.056725815 0.0783574
34 0.12468918 0.08703029 -0.011358321 -0.034305066
10 -0.03782235 0.06942646 -0.07995953 0.11413726
24 0.11880942 -0.0365635 0.10759206 -0.09741607
16 0.009955391 -0.024751216 -0.0740208 0.10564533
29 -0.11125669 -0.039674893 0.0017626882 0.054321468
30 -0.048256785 0.12163463 0.071388975 0.11254789
27 -0.093563825 0.09284356 0.036832914 0.012248158
21 0.07987955 -0.027267903 0.10879405 0.027440503
15 0.10556932 0.000100672245 0.010548353 0.07322085
23 0.057894915 -0.020864576 -0.009595767 0.09169775
26 0.10589051 0.03477986 -0.054085135 0.11062853
12 0.044234633 0.024705186 -0.06165524 -0.10048817
11 0.02677828 -0.07920699 0.096977845 -0.030104667
5 -0.025506139 0.052162245 0.011691764 0.1133637
17 -0.070069924 -0.0601947 -0.026898295 -0.12047519
